0 0.8638709677419355 0.9793577981651376 0.08645161290322584 0.04128440366972479
0 0.37548387096774194 0.37385321100917424 0.04645161290322582 0.03669724770642202
0 0.5780645161290322 0.2970183486238532 0.04645161290322582 0.034403669724770644
0 0.761290322580645 0.1639908256880734 0.02838709677419355 0.020642201834862393
0 0.3716129032258065 0.28211009174311924 0.033548387096774185 0.022935779816513763
0 0.19225806451612898 0.1605504587155963 0.02322580645161291 0.01376146788990826
0 0.13677419354838707 0.1915137614678899 0.02064516129032258 0.016055045871559637
0 0.34882713139553595 0.10004229369176615 0.015048625168055878 0.009629739499742197
0 0.13754443403603098 0.11823180163572361 0.015048625168055895 0.011769681610796024
0 0.08306841092766859 0.14979594777376748 0.018058350201667076 0.008559768444215285
