0 0.6913793103448276 0.45705521472392646 0.06551724137931035 0.05521472392638037
0 0.4086206896551724 0.4294478527607361 0.06551724137931035 0.06134969325153374
0 0.23793103448275862 0.49079754601226994 0.06206896551724138 0.08588957055214724
0 0.3447183896983584 0.25141599583990326 0.03853994418987858 0.04571199924361877
0 0.18092362689137445 0.1676106638932688 0.0406810522004274 0.022855999621809384
0 0.024622742121311315 0.18665733024477663 0.03639883617932977 0.030474666162412498
0 0.3854270762541796 0.1462183138940777 0.03746658925490749 0.038704847795491146
0 0.28873910398345076 0.11288913940351587 0.02296339341429809 0.015051885253802117
0 0.09668797227072887 0.11611454338647346 0.02658919237445044 0.017202154575773846
0 0.06768158058951021 0.13869237126717665 0.02417199306768221 0.015051885253802117
